lr0: 0.01236
lrf: 0.216
momentum: 0.87328
weight_decay: 0.00054
warmup_epochs: 3.01471
warmup_momentum: 0.775
warmup_bias_lr: 0.10203
box: 0.05977
cls: 0.53303
cls_pw: 1.05
obj: 0.971
obj_pw: 0.89133
iou_t: 0.2
anchor_t: 4.51538
anchors: 3.92377
fl_gamma: 0.0
hsv_h: 0.0135
hsv_s: 0.62756
hsv_v: 0.32864
degrees: 0.0
translate: 0.13006
scale: 0.48318
shear: 0.0
perspective: 0.0
flipud: 0.0
fliplr: 0.5
mosaic: 0.92524
mixup: 0.0
