# YOLOv5 Hyperparameter Evolution Results
# Best generation: 11
# Last generation: 50
#    metrics/precision,       metrics/recall,      metrics/mAP_0.5, metrics/mAP_0.5:0.95,         val/box_loss,         val/obj_loss,         val/cls_loss
#              0.95877,              0.95748,              0.98311,              0.80828,             0.024845,             0.014684,            0.0050395

lr0: 0.01193
lrf: 0.22538
momentum: 0.93543
weight_decay: 0.00053
warmup_epochs: 2.41332
warmup_momentum: 0.95
warmup_bias_lr: 0.17426
box: 0.0452
cls: 0.42401
cls_pw: 1.66621
obj: 1.31103
obj_pw: 0.79627
iou_t: 0.2
anchor_t: 4.81671
anchors: 2.04348
fl_gamma: 0.0
hsv_h: 0.02596
hsv_s: 0.81608
hsv_v: 0.34135
degrees: 0.0
translate: 0.09136
scale: 0.34951
shear: 0.0
perspective: 0.0
flipud: 0.0
fliplr: 0.5
mosaic: 0.77593
mixup: 0.0
copy_paste: 0.0
