lr0: 0.01261
lrf: 0.23306
momentum: 0.96864
weight_decay: 0.00052
warmup_epochs: 1.9892
warmup_momentum: 0.95
warmup_bias_lr: 0.14725
box: 0.04716
cls: 0.37264
cls_pw: 1.5541
obj: 1.3664
obj_pw: 0.8937
iou_t: 0.2
anchor_t: 5.59016
anchors: 2.16439
fl_gamma: 0.0
hsv_h: 0.02466
hsv_s: 0.67083
hsv_v: 0.37125
degrees: 0.0
translate: 0.10517
scale: 0.37876
shear: 0.0
perspective: 0.0
flipud: 0.0
fliplr: 0.5
mosaic: 0.92963
mixup: 0.0
copy_paste: 0.0
