# YOLOv5 Hyperparameter Evolution Results
# Best generation: 11
# Last generation: 148
#    metrics/precision,       metrics/recall,      metrics/mAP_0.5, metrics/mAP_0.5:0.95,         val/box_loss,         val/obj_loss,         val/cls_loss
#              0.95877,              0.95748,              0.98311,              0.80828,             0.024845,             0.014684,            0.0050395

lr0: 0.01269
lrf: 0.23071
momentum: 0.94056
weight_decay: 0.00051
warmup_epochs: 2.07197
warmup_momentum: 0.93022
warmup_bias_lr: 0.14831
box: 0.04933
cls: 0.36213
cls_pw: 1.51565
obj: 1.3664
obj_pw: 0.82646
iou_t: 0.2
anchor_t: 5.63431
anchors: 2.0
fl_gamma: 0.0
hsv_h: 0.02466
hsv_s: 0.69362
hsv_v: 0.38745
degrees: 0.0
translate: 0.10529
scale: 0.3749
shear: 0.0
perspective: 0.0
flipud: 0.0
fliplr: 0.5
mosaic: 0.92963
mixup: 0.0
copy_paste: 0.0
